testinputs/fixedDEM_S_VEI_60mio_HYDRO_v10_EROSION_1600_0015_25res_4mom_25000s_MaxPressure_smaller.asc
ncols        427
nrows        504
xllcorner    776630.439999999944
yllcorner    9916203.300000000745
cellsize     25.000000000000
NODATA_value  -9999
[rows 203 to 231 of 504, columns 268 to 334 of 427]
1666.5 1786.3599853515625 1927.530029296875 2077.340087890625 2174.89990234375 2208.530029296875 2124.64990234375 2051.780029296875 2031.3800048828125 2012.72998046875 2005.949951171875 1986.75 1878.6400146484375 1809.239990234375 1777.9300537109375 1720.8699951171875 1681.3599853515625 1511.1600341796875 1364.18994140625 1107.510009765625 866.91998291015625 508.100006103515625 224.8000030517578125 202.100006103515625 200 200 200 200 200 200 200 200 200 200 0 0 0 0 0 0 0 0 0 0 0 0 0 0 0 0 0 0 0 0 0 0 0 0 0 0 0 0 0 0 0 0 0
2213.570068359375 2244.72998046875 2243.830078125 2297.830078125 2329.949951171875 2274.820068359375 2146.830078125 2090.360107421875 2091.18994140625 2098.97998046875 2111.669921875 2089.820068359375 2011.449951171875 1970.219970703125 1932.3699951171875 1884.699951171875 1843.56005859375 1673.9100341796875 1480.780029296875 1203.199951171875 973.1199951171875 682.97998046875 386.899993896484375 205.8899993896484375 200 200 200 200 200 200 200 200 200 200 200 0 0 0 0 0 0 0 0 0 0 0 0 0 0 0 0 0 0 0 0 0 0 0 0 0 0 0 0 0 0 0 0
2395.2099609375 2352.489990234375 2325.6201171875 2358.929931640625 2393.97998046875 2419.27001953125 2376.320068359375 2441.43994140625 2548.27001953125 2626.919921875 2682.360107421875 2695.6298828125 2606.989990234375 2477.590087890625 2346.969970703125 2196.1298828125 2048.919921875 1842.5400390625 1666.0699462890625 1437.010009765625 1225.5699462890625 976.82000732421875 688.6400146484375 390.089996337890625 200 200 200 200 200 200 200 200 200 200 200 200 0 0 0 0 0 0 0 0 0 0 0 0 0 0 0 0 0 0 0 0 0 0 0 0 0 0 0 0 0 0 0
1891.6199951171875 1895.449951171875 1972.030029296875 2080.1298828125 2216.429931640625 2317.659912109375 2402.760009765625 2534 2662.340087890625 2748.830078125 2769.389892578125 2755.6298828125 2653.719970703125 2486.64990234375 2339.449951171875 2157.659912109375 1978.1800537109375 1808.8299560546875 1655.0999755859375 1453.1099853515625 1304.0699462890625 1133.4200439453125 875.17999267578125 491.25 232.649993896484375 202.399993896484375 200 200 200 200 200 200 200 200 200 200 200 0 0 0 0 0 0 0 0 0 0 0 0 0 0 0 0 0 0 0 0 0 0 0 0 0 0 0 0 0 0
1255.43994140625 1413.5999755859375 1607.72998046875 1862.719970703125 2123.840087890625 2347.800048828125 2518.75 2644.449951171875 2707.030029296875 2701.669921875 2588.659912109375 2427.389892578125 2263.110107421875 2079.949951171875 1961.239990234375 1860.3599853515625 1790.7099609375 1763.0699462890625 1756.0999755859375 1660.97998046875 1555.6700439453125 1413.5799560546875 1178.989990234375 835.219970703125 472.290008544921875 227.6300048828125 203.649993896484375 200 200 200 200 200 200 200 200 200 200 0 0 0 0 0 0 0 0 0 0 0 0 0 0 0 0 0 0 0 0 0 0 0 0 0 0 0 0 0 0
1172.1300048828125 1396.9200439453125 1678 1998.219970703125 2271.8701171875 2444.330078125 2519.469970703125 2531.6298828125 2499.340087890625 2392.530029296875 2250 2129.070068359375 2022.1500244140625 1948.530029296875 1903.1800537109375 1877.02001953125 1872.18994140625 1903.3900146484375 1961.530029296875 1952.3900146484375 1843.219970703125 1659.4200439453125 1351.9599609375 1031.0699462890625 535.19000244140625 255.1999969482421875 209.2700042724609375 200 200 200 200 200 200 200 200 200 200 200 0 0 0 0 0 0 0 0 0 0 0 0 0 0 0 0 0 0 0 0 0 0 0 0 0 0 0 0 0
1454.0999755859375 1776.260009765625 2042.6400146484375 2321.739990234375 2537.239990234375 2691.639892578125 2748.419921875 2743.97998046875 2689.6298828125 2580.2099609375 2499.52001953125 2466.340087890625 2408.1298828125 2380.139892578125 2388.159912109375 2335.72998046875 2278.679931640625 2204.3798828125 2138.56005859375 2031.2099609375 1896.449951171875 1656.97998046875 1388.6700439453125 1074.02001953125 712.07000732421875 424.019989013671875 233.100006103515625 202.8600006103515625 200 200 200 200 200 200 200 200 200 200 200 0 0 0 0 0 0 0 0 0 0 0 0 0 0 0 0 0 0 0 0 0 0 0 0 0 0 0 0
2193.1201171875 2635.239990234375 3021.030029296875 3252.679931640625 3346.739990234375 3330.719970703125 3249.3798828125 3151.25 3081.89990234375 2952.06005859375 2838.81005859375 2734.639892578125 2631.7099609375 2548.1298828125 2516.06005859375 2327.02001953125 2228.340087890625 2106.8701171875 1992.1600341796875 1881.969970703125 1793.260009765625 1639.6400146484375 1449.6300048828125 1222.4599609375 1008.8499755859375 787.010009765625 446.45001220703125 238.7599945068359375 206.7700042724609375 200 200 200 200 200 200 200 200 200 200 0 0 0 0 0 0 0 0 0 0 0 0 0 0 0 0 0 0 0 0 0 0 0 0 0 0 0 0
3458.179931640625 3486.800048828125 3490.840087890625 3470.64990234375 3334.360107421875 3176.389892578125 3034.830078125 2896.090087890625 2763.260009765625 2628.77001953125 2505.300048828125 2398.989990234375 2274.949951171875 2165.97998046875 2093.919921875 1952.449951171875 1887.3900146484375 1783.8499755859375 1668.77001953125 1601.050048828125 1592.0899658203125 1585.530029296875 1520.8800048828125 1389.469970703125 1251.3499755859375 1058.8900146484375 596.82000732421875 299.260009765625 233.4199981689453125 213.910003662109375 200 200 200 200 200 200 200 200 200 200 0 0 0 0 0 0 0 0 0 0 0 0 0 0 0 0 0 0 0 0 0 0 0 0 0 0 0
3075.3798828125 3012.699951171875 2717.580078125 2457.419921875 2229.419921875 2050.31005859375 1916.530029296875 1824.969970703125 1749.97998046875 1656.1099853515625 1582.8199462890625 1583.97998046875 1573.989990234375 1522.6800537109375 1471.1700439453125 1446.4300537109375 1446.22998046875 1382.6300048828125 1367.780029296875 1390.8800048828125 1468.300048828125 1607.9000244140625 1696.47998046875 1729.31005859375 1641.300048828125 1338.8599853515625 860.54998779296875 462.339996337890625 271.1400146484375 241.42999267578125 207.30999755859375 200 200 200 200 200 200 200 200 200 200 0 0 0 0 0 0 0 0 0 0 0 0 0 0 0 0 0 0 0 0 0 0 0 0 0 0
1555.9200439453125 1249.6300048828125 1028.47998046875 906.8699951171875 851.760009765625 819.010009765625 783.69000244140625 767.5 810.40997314453125 846.27001953125 873.8900146484375 968.66998291015625 1084.52001953125 1151.3199462890625 1141.75 1183.9100341796875 1139.300048828125 1155.52001953125 1281.8900146484375 1466.1600341796875 1670.8499755859375 1863.77001953125 1959.489990234375 1910.199951171875 1756.6400146484375 1501.1400146484375 1116.8699951171875 826.0999755859375 453.649993896484375 246.9900054931640625 200.75 200 200 200 200 200 200 200 200 200 200 200 0 0 0 0 0 0 0 0 0 0 0 0 0 0 0 0 0 0 0 0 0 0 0 0 0
432.8599853515625 406.1199951171875 373.029998779296875 333.1300048828125 313.959991455078125 285.779998779296875 312.920013427734375 495.019989013671875 679.07000732421875 840.5999755859375 962.1099853515625 1042.1300048828125 1087.1300048828125 1104.0400390625 1022.71002197265625 1071.760009765625 1123.22998046875 1214.3599853515625 1374.449951171875 1595.6199951171875 1809.4000244140625 1972.9100341796875 2073.050048828125 2012.989990234375 1882.969970703125 1620.030029296875 1286.6300048828125 933.29998779296875 516.1300048828125 252.1199951171875 202.82000732421875 200 200 200 200 200 200 200 200 200 200 200 200 0 0 0 0 0 0 0 0 0 0 0 0 0 0 0 0 0 0 0 0 0 0 0 0
0 0 0 0 208.279998779296875 296.1199951171875 407.32000732421875 643.780029296875 898.91998291015625 1077.5400390625 1109.300048828125 1109.949951171875 1090.239990234375 1089.3299560546875 1049.6800537109375 1122.969970703125 1266.3499755859375 1395.699951171875 1619.1500244140625 1844.8499755859375 2042.739990234375 2170.52001953125 2164.260009765625 2090.1201171875 1897.25 1653.050048828125 1370.5699462890625 1061.4000244140625 718.8699951171875 423.660003662109375 214.1399993896484375 202.6399993896484375 200 200 200 200 200 200 200 200 200 200 200 200 0 0 0 0 0 0 0 0 0 0 0 0 0 0 0 0 0 0 0 0 0 0 0
0 0 0 186.7299957275390625 279.160003662109375 403.17999267578125 603.969970703125 906.219970703125 1148.8399658203125 1224.699951171875 1198.510009765625 1144.969970703125 1136.5799560546875 1176.530029296875 1242.6099853515625 1432.8699951171875 1665.5699462890625 1903.239990234375 2144.39990234375 2272.2900390625 2310.27001953125 2277.6201171875 2215.409912109375 2119.1298828125 1898.3599853515625 1716.6600341796875 1480.9599609375 1195.2099609375 900.6400146484375 500.100006103515625 253.1999969482421875 228.649993896484375 214.4900054931640625 200 200 200 200 200 200 200 200 200 200 200 200 0 0 0 0 0 0 0 0 0 0 0 0 0 0 0 0 0 0 0 0 0 0
0 0 166.55999755859375 263.709991455078125 400.3699951171875 635.30999755859375 936.30999755859375 1161.6400146484375 1280 1286.47998046875 1253.27001953125 1224.8599853515625 1260.4200439453125 1386.9000244140625 1635.550048828125 1971.7099609375 2248.2900390625 2441.030029296875 2536.8701171875 2494.840087890625 2373.239990234375 2281.3701171875 2222.3701171875 2137.179931640625 1985.6099853515625 1832.56005859375 1566.52001953125 1328.6300048828125 1028.22998046875 734.1400146484375 426.829986572265625 276.80999755859375 244.0800018310546875 216.3000030517578125 204.399993896484375 200 200 200 200 200 200 200 200 200 200 200 0 0 0 0 0 0 0 0 0 0 0 0 0 0 0 0 0 0 0 0 0
0 147 258.8699951171875 436.45001220703125 788.22998046875 1104.8900146484375 1285.5 1409.3699951171875 1421.3699951171875 1396.1600341796875 1391.4200439453125 1453.8399658203125 1521.0699462890625 1763.760009765625 2089.419921875 2406.530029296875 2613.550048828125 2683.64990234375 2655.3701171875 2503.419921875 2348.570068359375 2248.360107421875 2218.860107421875 2165.60009765625 2032.969970703125 1825.9300537109375 1601.56005859375 1431.8800048828125 1254.5699462890625 1099.4100341796875 850.83001708984375 486.760009765625 291.19000244140625 256.6099853515625 240.1100006103515625 224.7400054931640625 205.1199951171875 200 200 200 200 200 200 200 200 200 200 0 0 0 0 0 0 0 0 0 0 0 0 0 0 0 0 0 0 0 0
0 366.209991455078125 831.82000732421875 1178 1434.3399658203125 1594.239990234375 1568.699951171875 1508.9200439453125 1432.1800537109375 1431.06005859375 1480.489990234375 1614.300048828125 1863 2212.889892578125 2499.81005859375 2667.02001953125 2734.3701171875 2686.330078125 2578.510009765625 2432.469970703125 2290.25 2187.489990234375 2122.419921875 2068.949951171875 1955.7900390625 1811.1800537109375 1705.7099609375 1631.4000244140625 1566.8900146484375 1403.6500244140625 1051.5 590.82000732421875 347.3900146484375 301.420013427734375 278.720001220703125 254.7899932861328125 223.25 200 200 200 200 200 200 200 200 200 200 200 0 0 0 0 0 0 0 0 0 0 0 0 0 0 0 0 0 0 0
1185.219970703125 1410.0999755859375 1571.9200439453125 1736.719970703125 1711.989990234375 1594.72998046875 1447.9100341796875 1340.1800537109375 1324.2099609375 1436.0799560546875 1667.3599853515625 2010.06005859375 2321.7099609375 2533.77001953125 2680.919921875 2715.409912109375 2702.949951171875 2587.409912109375 2422.75 2276.0400390625 2110.860107421875 2045.530029296875 1996.280029296875 1900.4100341796875 1860.760009765625 1870.9300537109375 1878.969970703125 1872.6700439453125 1822.97998046875 1589.550048828125 1236.2099609375 832.45001220703125 469.8900146484375 361.649993896484375 321.269989013671875 291.80999755859375 252.0500030517578125 213.1199951171875 200 200 200 200 200 200 200 200 200 200 200 0 0 0 0 0 0 0 0 0 0 0 0 0 0 0 0 0 0
1778.3800048828125 1777.0699462890625 1681.7099609375 1555.489990234375 1439.4200439453125 1293.77001953125 1229.18994140625 1292.1199951171875 1555.510009765625 1831.0999755859375 2165.590087890625 2434.989990234375 2600.89990234375 2689.570068359375 2677.510009765625 2664.739990234375 2607.02001953125 2457.39990234375 2240.639892578125 2103.35009765625 2000.969970703125 1955.5400390625 1874.010009765625 1843.8399658203125 1912.219970703125 1987.3800048828125 2042.75 2044.3800048828125 1932.2099609375 1704.3299560546875 1422.0899658203125 1194.6300048828125 951.97998046875 507.970001220703125 359.57000732421875 310.339996337890625 280.670013427734375 247.660003662109375 212.899993896484375 200 200 200 200 200 200 200 200 200 200 200 0 0 0 0 0 0 0 0 0 0 0 0 0 0 0 0 0
1721.93994140625 1609.81005859375 1496.3299560546875 1368.5400390625 1316.739990234375 1328.9100341796875 1473.8199462890625 1730.9599609375 2049.56005859375 2317.449951171875 2509.219970703125 2582.159912109375 2608.8701171875 2637.06005859375 2610.110107421875 2520.989990234375 2434.389892578125 2281.909912109375 2096.8798828125 1931.530029296875 1837.8199462890625 1844.4599609375 1867.02001953125 1938.81005859375 2028.719970703125 2110.179931640625 2127.449951171875 2126.530029296875 2023.27001953125 1873.449951171875 1747.3699951171875 1564.56005859375 1145.0400390625 582.96002197265625 383.79998779296875 330.279998779296875 298.410003662109375 266.6199951171875 233.32000732421875 205.8000030517578125 200 200 200 200 200 200 200 200 200 200 200 0 0 0 0 0 0 0 0 0 0 0 0 0 0 0 0
1602.989990234375 1515.9300537109375 1479.989990234375 1577.31005859375 1758.43994140625 1960.5 2142.840087890625 2275.0400390625 2380.18994140625 2443.7900390625 2525.85009765625 2532.10009765625 2547.300048828125 2547.4599609375 2461.860107421875 2380.81005859375 2266.2900390625 2065.6298828125 1901.47998046875 1775.81005859375 1781.3699951171875 1818.8699951171875 1930.780029296875 2042.22998046875 2135.919921875 2212.780029296875 2221.330078125 2209.8798828125 2177.64990234375 2125.81005859375 2035.68994140625 1760.75 1271.260009765625 808.27001953125 446.54998779296875 356.1199951171875 316.709991455078125 289.3599853515625 257.67999267578125 224.9900054931640625 201.0200042724609375 200 200 200 200 200 200 200 200 200 200 200 200 0 0 0 0 0 0 0 0 0 0 0 0 0 0
1535.4200439453125 1630.760009765625 1788.6300048828125 1999.22998046875 2183.0400390625 2298.260009765625 2380.969970703125 2431.280029296875 2463.93994140625 2507.2099609375 2551.860107421875 2477.7099609375 2419.199951171875 2385.669921875 2300.610107421875 2225.179931640625 2055.60009765625 1866.5799560546875 1769.02001953125 1745.969970703125 1775.3900146484375 1847.2900390625 1966.5699462890625 2065.780029296875 2183.860107421875 2246.739990234375 2247.47998046875 2307.659912109375 2319.659912109375 2298.89990234375 2199.31005859375 1843.9300537109375 1434.8599853515625 1112.72998046875 855.57000732421875 455.350006103515625 347.079986572265625 317.70001220703125 292.959991455078125 264.399993896484375 233 205.4499969482421875 200 200 200 200 200 200 200 200 200 200 200 200 0 0 0 0 0 0 0 0 0 0 0 0 0
1738.6099853515625 1906.8399658203125 2072.2099609375 2193.64990234375 2289.889892578125 2360.06005859375 2446.239990234375 2488.280029296875 2507.010009765625 2489.5 2436.72998046875 2311.820068359375 2233.27001953125 2172.389892578125 2092.18994140625 2058.590087890625 1889.030029296875 1774.3599853515625 1707.719970703125 1711.4000244140625 1779.469970703125 1914.3599853515625 2050.550048828125 2134.989990234375 2227.469970703125 2316.31005859375 2393.469970703125 2458.320068359375 2482.85009765625 2447.199951171875 2273.969970703125 1955.010009765625 1660.989990234375 1417.6199951171875 1065.719970703125 531.20001220703125 396.480010986328125 367.980010986328125 333.850006103515625 290.269989013671875 255.55999755859375 225.1300048828125 200 200 200 200 200 200 200 200 200 200 200 200 200 0 0 0 0 0 0 0 0 0 0 0 0
1950.4599609375 2064.77001953125 2135.760009765625 2199.699951171875 2277.510009765625 2351.43994140625 2420.52001953125 2378.68994140625 2351.35009765625 2276.47998046875 2201.9599609375 2128.6298828125 2076.93994140625 2025.22998046875 1976.2900390625 1892.010009765625 1768.010009765625 1712.81005859375 1656.27001953125 1658.4000244140625 1798.2900390625 2030.0400390625 2212.47998046875 2328.669921875 2400.77001953125 2504.2900390625 2582.030029296875 2629.840087890625 2614.39990234375 2535.35009765625 2334.429931640625 2103.699951171875 1898.3499755859375 1628.449951171875 1187.6500244140625 759.3800048828125 465.220001220703125 400.540008544921875 352.230010986328125 310.209991455078125 269.55999755859375 241.3000030517578125 216.9600067138671875 204.5200042724609375 200 200 200 200 200 200 200 200 200 200 200 200 0 0 0 0 0 0 0 0 0 0 0
1977.0899658203125 2040.9599609375 2094.679931640625 2154.8798828125 2194.739990234375 2240.77001953125 2244.419921875 2197.72998046875 2148.989990234375 2064.050048828125 2049.820068359375 2016.8299560546875 1971.97998046875 1864.8900146484375 1814 1735.510009765625 1675.3699951171875 1633.030029296875 1580.3299560546875 1593.0799560546875 1758.0400390625 1968.9300537109375 2247.8701171875 2408.169921875 2502.25 2609.25 2664.949951171875 2681.330078125 2634.10009765625 2538.3701171875 2372.68994140625 2225.719970703125 2051.2900390625 1721.1199951171875 1339.719970703125 968.04998779296875 570.34002685546875 433.6099853515625 369.3599853515625 330.8900146484375 296.160003662109375 270.720001220703125 252.899993896484375 227.19000244140625 200 200 200 200 200 200 200 200 200 200 200 200 200 200 0 0 0 0 0 0 0 0 0
1934.02001953125 1971.3900146484375 1976.72998046875 2014.9100341796875 2071.760009765625 2086.699951171875 2063.9599609375 2045.5999755859375 2045.719970703125 2055.610107421875 2037.31005859375 1932.22998046875 1806.75 1736.050048828125 1664.5999755859375 1601.27001953125 1558.1600341796875 1517.780029296875 1489.47998046875 1555.6700439453125 1761.1400146484375 2032.6300048828125 2294.85009765625 2461.6201171875 2584.9599609375 2675.659912109375 2718.510009765625 2753.719970703125 2698.449951171875 2608.219970703125 2478.909912109375 2364.449951171875 2147.22998046875 1835.989990234375 1482.97998046875 1155.4200439453125 799.489990234375 460.470001220703125 398.44000244140625 355.209991455078125 323.019989013671875 301.6199951171875 293.94000244140625 264.6099853515625 203.910003662109375 200 200 200 200 200 200 200 200 200 200 200 200 200 200 200 0 0 0 0 0 0 0
1790.6500244140625 1772.3499755859375 1765.22998046875 1823.6199951171875 1882.3499755859375 1908.93994140625 1946.47998046875 1980.6300048828125 2046.260009765625 2031.5799560546875 1922.6199951171875 1782.18994140625 1673.300048828125 1587.0899658203125 1519.8299560546875 1481.5999755859375 1440.31005859375 1411.6300048828125 1454.469970703125 1658.3800048828125 1907.6400146484375 2198.68994140625 2363.050048828125 2490.550048828125 2625.25 2742.699951171875 2805.739990234375 2809.68994140625 2743.449951171875 2671.64990234375 2561.929931640625 2417.889892578125 2207.840087890625 1926.9200439453125 1618.68994140625 1350.3699951171875 1089.27001953125 779.1500244140625 431.45001220703125 394.899993896484375 361.8599853515625 339.529998779296875 316.040008544921875 284.779998779296875 240.1699981689453125 216.350006103515625 202.2700042724609375 200 200 200 200 200 200 200 200 200 200 200 200 200 200 200 0 0 0 0 0
1532.6800537109375 1501.699951171875 1594.9000244140625 1691.1700439453125 1786.1199951171875 1832.780029296875 1881.8499755859375 1987.300048828125 2001.0699462890625 1914.22998046875 1776.6800537109375 1628.3699951171875 1527.9200439453125 1456.760009765625 1399.530029296875 1356.5400390625 1332.3399658203125 1355.27001953125 1514.1199951171875 1810.9100341796875 2127.199951171875 2392.550048828125 2473.050048828125 2568.610107421875 2679.989990234375 2791.68994140625 2839.56005859375 2832.080078125 2785.570068359375 2712.7099609375 2566.739990234375 2419.489990234375 2241.219970703125 2029.9599609375 1794.6600341796875 1562.0899658203125 1328.0400390625 1068.0899658203125 785.72998046875 581.21002197265625 470.3599853515625 370.079986572265625 348.220001220703125 312.399993896484375 276.329986572265625 251.25 231.970001220703125 210.67999267578125 200 200 200 200 200 200 200 200 200 200 200 200 200 200 200 200 0 0 0
1420.5899658203125 1449.68994140625 1534.449951171875 1677.800048828125 1795.52001953125 1931.8399658203125 1960.02001953125 2038.489990234375 1953.81005859375 1773.4300537109375 1586.280029296875 1483.5799560546875 1371.9100341796875 1329.260009765625 1275.5 1253.3800048828125 1278.7099609375 1379.530029296875 1674.1500244140625 2037.510009765625 2414.8701171875 2565.5 2605.7900390625 2656.179931640625 2733.47998046875 2826.679931640625 2864.610107421875 2842.9599609375 2791.179931640625 2670.830078125 2525.139892578125 2394.320068359375 2254.780029296875 2121.18994140625 1900.8199462890625 1702.699951171875 1512.0999755859375 1320.1099853515625 1153.22998046875 963.33001708984375 732.6300048828125 418.32000732421875 375.779998779296875 354.100006103515625 315.17999267578125 287.6099853515625 267.760009765625 229.470001220703125 200.5399932861328125 200 200 200 200 200 200 200 200 200 200 200 200 200 200 200 200 200 0
