testinputs/fixedDEM_S_VEI_60mio_HYDRO_v10_EROSION_1600_0015_25res_4mom_25000s_MaxPressure_smaller.asc
ncols        427
nrows        504
xllcorner    776630.439999999944
yllcorner    9916203.300000000745
cellsize     25.000000000000
NODATA_value  -9999
[rows 203 to 231 of 504, columns 134 to 200 of 427]
304.8599853515625 391.540008544921875 456.339996337890625 481.45001220703125 493.6300048828125 482.170013427734375 465.470001220703125 500.489990234375 560.760009765625 672.94000244140625 791.77001953125 918.17999267578125 1055.06005859375 1203.1600341796875 1360.7099609375 1523.0899658203125 1667.550048828125 1831.0400390625 1995.510009765625 2127.02001953125 2112.169921875 1958.1600341796875 1724.050048828125 1472.9200439453125 1118.3499755859375 534.97998046875 141.6699981689453125 0 139.1100006103515625 295.899993896484375 355.82000732421875 294.839996337890625 244.9499969482421875 242.029998779296875 226.6699981689453125 230.399993896484375 268.160003662109375 326.769989013671875 373.8599853515625 434.6400146484375 517.94000244140625 638.510009765625 799.90997314453125 865.010009765625 864.27001953125 908.010009765625 1047.4300537109375 1230.739990234375 1352.7099609375 1399.1600341796875 1406.719970703125 1437.1800537109375 1486.72998046875 1560.030029296875 1677.3199462890625 1819.31005859375 1959.4300537109375 2103.419921875 2223.139892578125 2296.81005859375 2359.47998046875 2419.679931640625 2461.610107421875 2520.050048828125 2598.659912109375 2671.0400390625 2751.580078125
100.62000274658203125 145.1300048828125 176.32000732421875 189.5 224.57000732421875 241.839996337890625 270.850006103515625 310.6300048828125 358.82000732421875 475.5 590.25 726.22998046875 870.780029296875 1025.3800048828125 1201.530029296875 1361.239990234375 1502.77001953125 1610.6500244140625 1690.780029296875 1773.8699951171875 1816.550048828125 1820.3199462890625 1812.9100341796875 1692.1700439453125 1508.7099609375 1226.6099853515625 712.84002685546875 310.480010986328125 182.3600006103515625 224.5200042724609375 300.54998779296875 361.730010986328125 355.579986572265625 298.709991455078125 292.290008544921875 263.290008544921875 274.95001220703125 310.57000732421875 363.42999267578125 453.579986572265625 561.92999267578125 693.6400146484375 821.530029296875 890.3699951171875 929.33001708984375 1022.969970703125 1168.469970703125 1339.6300048828125 1425.0699462890625 1458.3800048828125 1491.300048828125 1531.8299560546875 1580.719970703125 1642.6199951171875 1707.6300048828125 1801.1600341796875 1907.449951171875 2015.4300537109375 2068.35009765625 2075.219970703125 2067.570068359375 2062.219970703125 2093.320068359375 2159.800048828125 2241.1201171875 2351.81005859375 2421.85009765625
73.25 98 121.56999969482421875 145.69000244140625 165.17999267578125 185.5099945068359375 217.3699951171875 243.4600067138671875 269.17999267578125 302.670013427734375 338.589996337890625 426.95001220703125 554.07000732421875 711.67999267578125 920.41998291015625 1113.0799560546875 1290.1400146484375 1410.0999755859375 1498.56005859375 1580.9000244140625 1647.72998046875 1700.9200439453125 1755.280029296875 1772.6099853515625 1735.43994140625 1599.989990234375 1401.1400146484375 1078.27001953125 629.47998046875 487.989990234375 540.52001953125 571.53997802734375 569.53997802734375 558.989990234375 431.029998779296875 267.1400146484375 324.790008544921875 370.239990234375 393.3599853515625 461.80999755859375 548.34002685546875 662.22998046875 825.34002685546875 994.16998291015625 1147.81005859375 1311.02001953125 1419.239990234375 1490.510009765625 1481.010009765625 1396.4000244140625 1384.9100341796875 1417.719970703125 1448.6600341796875 1484.3800048828125 1480.1600341796875 1526.1099853515625 1629.989990234375 1712.3699951171875 1749.199951171875 1758.8399658203125 1767.1500244140625 1751.4000244140625 1752.3399658203125 1771.760009765625 1827.8299560546875 1927.31005859375 1982.9100341796875
75.23999786376953125 101.76000213623046875 116.65000152587890625 138.0800018310546875 151.8300018310546875 166.25 190.3300018310546875 209.1100006103515625 219.4199981689453125 237.9799957275390625 255.1100006103515625 288.82000732421875 321.209991455078125 349.279998779296875 442.8699951171875 584.53997802734375 815.21002197265625 1066.2900390625 1274.52001953125 1430.8499755859375 1532.6600341796875 1607.0999755859375 1669.6400146484375 1694.1199951171875 1786.989990234375 1782.0799560546875 1713.1099853515625 1593.219970703125 1366.5699462890625 1008.719970703125 909.21002197265625 913.70001220703125 885.40997314453125 802.45001220703125 654.66998291015625 463.290008544921875 385.94000244140625 443.07000732421875 546.969970703125 688.66998291015625 848.25 976.27001953125 1063.469970703125 1118.9599609375 1213.3699951171875 1289 1334.3900146484375 1382.5400390625 1316.4200439453125 1160.1300048828125 1130.2099609375 1161.6800537109375 1189.1800537109375 1228.760009765625 1252.1199951171875 1311.219970703125 1375.5799560546875 1402.6400146484375 1423.97998046875 1451.989990234375 1473.4000244140625 1455.25 1416.4000244140625 1403.43994140625 1432.68994140625 1499.8199462890625 1558.449951171875
71.69000244140625 89.470001220703125 105.87000274658203125 130.4499969482421875 159.3899993896484375 168.410003662109375 189.69000244140625 212.0200042724609375 221.2599945068359375 236.9799957275390625 239.899993896484375 263.089996337890625 284.279998779296875 293.970001220703125 311.399993896484375 344.279998779296875 421.660003662109375 546.010009765625 748.739990234375 1021.03997802734375 1283.0699462890625 1451.72998046875 1563.760009765625 1638.06005859375 1731.4100341796875 1826.2099609375 1858.5400390625 1845.5400390625 1757.5899658203125 1555.6199951171875 1290.9599609375 1088.5999755859375 1091.8499755859375 1053.9100341796875 967.9000244140625 871.27001953125 845.94000244140625 899.22998046875 1004.260009765625 1132.5699462890625 1216.77001953125 1188.8599853515625 1125.760009765625 1054.6099853515625 1044.510009765625 1090.3699951171875 1097.3599853515625 1133.969970703125 1055.72998046875 913.5999755859375 862.5999755859375 900.489990234375 964.6099853515625 1037.3399658203125 1081.2099609375 1123.510009765625 1163.4000244140625 1169.469970703125 1170.6099853515625 1196.27001953125 1213.6500244140625 1186.530029296875 1144.52001953125 1144.68994140625 1166.1800537109375 1203.8199462890625 1262.3699951171875
79.73999786376953125 86.19000244140625 109.26000213623046875 141.649993896484375 177.8899993896484375 187.7400054931640625 213.3699951171875 244.3600006103515625 250.0200042724609375 251.4199981689453125 252.9900054931640625 272.32000732421875 295.410003662109375 310.470001220703125 317.82000732421875 330.480010986328125 336.279998779296875 353.45001220703125 402.8599853515625 512.8499755859375 743.239990234375 1068.030029296875 1332.8399658203125 1468.06005859375 1562.489990234375 1749.4200439453125 1884.8199462890625 1953.469970703125 1930.0899658203125 1851.52001953125 1734.739990234375 1518.1300048828125 1199.530029296875 1184.6099853515625 1143.6800537109375 1063.9599609375 979.66998291015625 941.71002197265625 962.02001953125 1028.8599853515625 1103.9300537109375 1079.77001953125 1036.300048828125 972.4000244140625 914.08001708984375 898.30999755859375 842.5 816.21002197265625 816.33001708984375 765.739990234375 782.17999267578125 829.780029296875 886.239990234375 931.3800048828125 941.71002197265625 954.1199951171875 979.6300048828125 973.510009765625 950.469970703125 947.83001708984375 915.739990234375 891.010009765625 877.46002197265625 897.55999755859375 935.91998291015625 969.969970703125 1000.80999755859375
88.3300018310546875 115.970001220703125 140.3600006103515625 162.3899993896484375 185.6699981689453125 180.089996337890625 177.5399932861328125 179.8300018310546875 174.3899993896484375 157.9199981689453125 140.7100067138671875 143.9900054931640625 168.399993896484375 200.5800018310546875 233.05999755859375 271.05999755859375 300.20001220703125 313.589996337890625 324.5 359.69000244140625 426.1400146484375 546.90997314453125 766.78997802734375 1061.0899658203125 1272.5999755859375 1405.1300048828125 1637.22998046875 1835.9100341796875 1907.1600341796875 1920.5799560546875 1862.0899658203125 1752.75 1594.3199462890625 1357.4200439453125 1199.72998046875 1181.1300048828125 1131.68994140625 1073.8299560546875 1000.1400146484375 932.71002197265625 866.52001953125 800.28997802734375 767.82000732421875 783.03997802734375 805.8900146484375 800.47998046875 725.3800048828125 648.8599853515625 637.3499755859375 635.280029296875 657.3900146484375 689.69000244140625 701.84002685546875 717.90997314453125 717.5999755859375 708.28997802734375 706.67999267578125 689.97998046875 690.1500244140625 713.6400146484375 697.54998779296875 686.90997314453125 677.469970703125 673.90997314453125 692.77001953125 718.260009765625 738.71002197265625
85.81999969482421875 109.5800018310546875 115.12999725341796875 120.8000030517578125 123.20999908447265625 115.55999755859375 105.94000244140625 87.98000335693359375 0 0 0 0 0 0 0 0 72.15000152587890625 131.57000732421875 194.67999267578125 264.30999755859375 323.05999755859375 373.670013427734375 440.709991455078125 545.5 717.16998291015625 929.1400146484375 1084.27001953125 1335.9200439453125 1602.6600341796875 1795.9100341796875 1865.8699951171875 1865.8299560546875 1743.3299560546875 1572.0799560546875 1412.3800048828125 1276.989990234375 1148.25 1091.0699462890625 1021.09002685546875 933.46002197265625 832.1300048828125 736.54998779296875 646.8800048828125 583.260009765625 546.20001220703125 519.20001220703125 451.269989013671875 355.8800048828125 325.1300048828125 380.480010986328125 422.769989013671875 443.100006103515625 440.57000732421875 425.82000732421875 408.3900146484375 390.6099853515625 391.54998779296875 408.149993896484375 445.579986572265625 497.230010986328125 550.719970703125 599.44000244140625 630.33001708984375 627.760009765625 616.8699951171875 596.719970703125 582.969970703125
69.160003662109375 76.839996337890625 69.26999664306640625 72.6699981689453125 72.779998779296875 67.1699981689453125 0 0 0 0 0 0 0 0 0 0 0 0 0 0 81.87000274658203125 167.5 256.170013427734375 345.649993896484375 423.94000244140625 517.44000244140625 626.96002197265625 770.79998779296875 989.780029296875 1189.199951171875 1426.3699951171875 1688.6500244140625 1852.1400146484375 1881.300048828125 1774.93994140625 1602.449951171875 1407.4200439453125 1197.219970703125 984.010009765625 713.17999267578125 619.1500244140625 523.510009765625 436.92999267578125 372.8900146484375 294.80999755859375 222.4199981689453125 163.2100067138671875 85.410003662109375 144.2400054931640625 191.69000244140625 225.9799957275390625 241.399993896484375 241.5399932861328125 230.470001220703125 223.75 230.7299957275390625 252.30999755859375 275 317.510009765625 414.279998779296875 531.70001220703125 609.3599853515625 640.1400146484375 627.510009765625 600.42999267578125 583.780029296875 684.219970703125
68.73999786376953125 0 0 0 0 0 0 0 0 0 0 0 0 0 0 0 0 0 0 0 0 0 0 115.8600006103515625 204.850006103515625 296.92999267578125 361.8599853515625 415.170013427734375 508.989990234375 609.280029296875 722.04998779296875 1034.5999755859375 1475.3599853515625 1754.010009765625 1913.6500244140625 1956.3199462890625 1888.219970703125 1730.699951171875 1520.6500244140625 1212.5899658203125 860.1300048828125 521.67999267578125 277.959991455078125 189.8600006103515625 0 0 0 0 0 0 0 0 0 0 121.93000030517578125 157.6699981689453125 197.399993896484375 259.079986572265625 343.269989013671875 455.260009765625 549.65997314453125 607.6400146484375 625.6400146484375 604.4000244140625 659.41998291015625 777.07000732421875 811.27001953125
0 0 0 0 0 0 0 0 0 0 0 0 0 0 0 0 0 0 0 0 0 0 0 0 0 135.42999267578125 194.1100006103515625 226.9799957275390625 241.2100067138671875 286.290008544921875 358.040008544921875 548.84002685546875 973.3900146484375 1391.22998046875 1681.9599609375 1834.7099609375 1920.97998046875 1901.97998046875 1789.4100341796875 1643.2900390625 1422.8800048828125 1102.719970703125 788.91998291015625 478.17999267578125 203.1100006103515625 0 0 0 0 0 0 0 0 0 126.12999725341796875 239.910003662109375 623.15997314453125 1156.550048828125 1449.77001953125 1439.93994140625 1355.27001953125 1291.550048828125 1171.719970703125 1068.1700439453125 1009.5999755859375 1001.47998046875 987.30999755859375
0 0 0 0 0 0 0 0 0 0 0 0 0 0 0 0 0 0 0 0 0 0 0 0 0 0 0 0 59.689998626708984375 69.279998779296875 75.529998779296875 86.3899993896484375 204.5200042724609375 642.6199951171875 1161.260009765625 1554.8199462890625 1771.77001953125 1877.4300537109375 1883.5699462890625 1819.9300537109375 1700.52001953125 1517.199951171875 1302.3900146484375 1032.8900146484375 756.55999755859375 512.20001220703125 286.269989013671875 140.30999755859375 0 0 0 0 0 286.57000732421875 709.6400146484375 1319.4300537109375 1691.949951171875 1777.77001953125 1554.43994140625 1375.97998046875 1228.5899658203125 1130.6099853515625 1208.1700439453125 1536.530029296875 1657.949951171875 1664.1199951171875 1595.3399658203125
0 0 0 0 0 0 0 0 0 0 0 0 0 0 0 0 0 0 0 0 0 0 0 0 0 0 0 0 0 0 0 0 0 0 307.399993896484375 849.57000732421875 1324.719970703125 1656.25 1836.739990234375 1885.31005859375 1813.010009765625 1715.56005859375 1616.239990234375 1470.6600341796875 1293.739990234375 1072.050048828125 817.1199951171875 667.69000244140625 479.290008544921875 352.329986572265625 201.32000732421875 145.69000244140625 504.739990234375 1136.02001953125 1690.47998046875 1974.7099609375 1955.3800048828125 1776.6300048828125 1528.030029296875 1331.8699951171875 1055.47998046875 852.969970703125 1170.949951171875 1552.5 1777.5699462890625 1873.469970703125 1814.6099853515625
0 0 0 0 0 0 0 0 0 0 0 0 0 0 0 0 0 0 0 0 0 0 0 0 0 0 0 0 0 0 0 0 0 0 0 0 470.94000244140625 1024.0400390625 1451.719970703125 1728.0400390625 1810.260009765625 1782.5899658203125 1720.31005859375 1681 1603.56005859375 1495.5699462890625 1342.260009765625 1216.3900146484375 1050.2900390625 985.65997314453125 859.91998291015625 747.6199951171875 1273.1600341796875 1745.5 1953.969970703125 1942.6400146484375 1775.1700439453125 1529.4599609375 1270.780029296875 1040.4200439453125 619.989990234375 629.1199951171875 911.19000244140625 1292.5799560546875 1608.3399658203125 1804.9300537109375 1848.050048828125
0 0 0 0 0 0 0 0 0 0 0 0 0 0 0 0 0 0 0 0 0 0 0 0 0 0 0 0 0 0 0 0 0 0 0 0 0 0 469.07000732421875 1031.719970703125 1463.280029296875 1703.050048828125 1770.550048828125 1749.4200439453125 1704.2900390625 1651.4200439453125 1585.25 1530.010009765625 1452.0999755859375 1405.6800537109375 1406.3699951171875 1492.9300537109375 1619.2900390625 1674.010009765625 1656.550048828125 1565.780029296875 1367.9599609375 1141.4599609375 791.09002685546875 449.29998779296875 352.05999755859375 476.3599853515625 627.03997802734375 862.97998046875 1155.280029296875 1433.5799560546875 1648.5699462890625
0 0 0 0 0 0 0 0 0 0 0 0 0 0 0 0 0 0 0 0 0 0 0 0 0 0 0 0 0 0 0 0 0 0 0 0 0 0 0 0 335.149993896484375 841.6199951171875 1283.8900146484375 1541.2900390625 1657.5 1686.530029296875 1669.1700439453125 1631.1400146484375 1570.9599609375 1499.760009765625 1489.22998046875 1411.0699462890625 1328.1300048828125 1285.4200439453125 1227.739990234375 1123.739990234375 846.030029296875 590.66998291015625 185.6100006103515625 191.089996337890625 259.010009765625 375.600006103515625 474.6199951171875 624.82000732421875 809.84002685546875 1012.3900146484375 1199.56005859375
0 0 0 0 0 0 0 0 0 0 0 0 0 0 0 0 0 0 0 0 0 0 0 0 0 0 0 0 0 0 0 0 0 0 0 0 0 0 0 0 0 0 325.910003662109375 655.6199951171875 931.0999755859375 1124.52001953125 1235.8699951171875 1284.22998046875 1284.3299560546875 1242.199951171875 1246.030029296875 1199.5799560546875 1067.68994140625 951.969970703125 780.530029296875 468.5 225.529998779296875 0 152.94000244140625 177.6399993896484375 212.6300048828125 281.510009765625 371.75 457.1300048828125 578.94000244140625 699.53997802734375 790.16998291015625
0 0 0 0 0 0 0 0 0 0 0 0 0 0 0 0 0 0 0 0 0 0 0 0 0 0 0 0 0 0 0 0 0 0 0 0 0 0 0 0 0 0 0 0 247.8600006103515625 379.709991455078125 419.779998779296875 513.719970703125 535 472.170013427734375 449 406.1199951171875 343.519989013671875 217.1699981689453125 0 0 0 0 149.67999267578125 166.9499969482421875 193.1399993896484375 233.220001220703125 290.1099853515625 351.92999267578125 401.75 449.339996337890625 506.8800048828125
0 0 0 0 0 0 0 0 0 0 0 0 0 0 0 0 0 0 0 0 0 0 0 0 0 0 0 0 0 0 0 0 0 0 0 0 0 0 0 0 0 0 0 0 0 0 0 73.98000335693359375 0 0 0 0 0 0 0 0 0 0 145.649993896484375 166.8899993896484375 177.6300048828125 187.6100006103515625 205.4199981689453125 233.44000244140625 257.850006103515625 284.6400146484375 322.95001220703125
0 0 0 0 0 0 0 0 0 0 0 0 0 0 0 0 0 0 0 0 0 0 0 0 0 0 0 0 0 0 0 0 0 0 0 0 0 0 0 0 0 0 0 0 0 0 0 0 0 0 0 0 0 0 0 0 95.23000335693359375 108.69000244140625 121.660003662109375 147.17999267578125 179.3800048828125 201.6999969482421875 215.1699981689453125 218.8300018310546875 226.9499969482421875 238.9600067138671875 259.910003662109375
0 0 0 0 0 0 0 0 0 0 0 0 0 0 0 0 0 0 0 0 0 0 0 0 0 0 0 0 0 0 0 0 0 0 0 0 0 0 0 0 0 0 0 0 0 0 0 0 0 0 0 0 0 66.26999664306640625 78.37000274658203125 94.3899993896484375 110.68000030517578125 123.34999847412109375 137.57000732421875 148.67999267578125 159.4499969482421875 168.1100006103515625 173.9900054931640625 179.44000244140625 192.92999267578125 204.6100006103515625 216.350006103515625
0 0 0 0 0 0 0 0 0 0 0 0 0 0 0 0 0 0 0 0 0 0 0 0 0 0 0 0 0 0 0 0 0 0 0 0 0 0 0 0 0 0 0 0 0 0 0 0 0 0 0 0 0 0 0 0 0 0 81.34999847412109375 98.43000030517578125 121.8600006103515625 136.9499969482421875 145.5 154.7100067138671875 164.0200042724609375 176.3600006103515625 182.1300048828125
0 0 0 0 0 0 0 0 0 0 0 0 0 0 0 0 0 0 0 0 0 0 0 0 0 0 0 0 0 0 0 0 0 0 0 0 0 0 0 0 0 0 0 0 0 0 0 0 0 0 0 0 0 0 0 0 0 0 0 0 0 0 74.65000152587890625 89.15000152587890625 99.79000091552734375 115.6999969482421875 127.3600006103515625
0 0 0 0 0 0 0 0 0 0 0 0 0 0 0 0 0 0 0 0 0 0 0 0 0 0 0 0 0 0 0 0 0 0 0 0 0 0 0 0 0 0 0 0 0 0 0 0 0 0 0 0 0 0 0 0 0 0 0 0 0 0 0 0 0 62.409999847412109375 65.51000213623046875
0 0 0 0 0 0 0 0 0 0 0 0 0 0 0 0 0 0 0 0 0 0 0 0 0 0 0 0 0 0 0 0 0 0 0 0 0 0 0 0 0 0 0 0 0 0 0 0 0 0 0 0 0 0 0 0 0 58.759998321533203125 66.8000030517578125 73.3300018310546875 74.23999786376953125 74.20999908447265625 77.410003662109375 80.12999725341796875 88.79000091552734375 93.76999664306640625 101.09999847412109375
0 0 0 0 0 0 0 0 0 0 0 0 0 0 0 0 0 0 0 0 0 0 0 0 0 0 0 0 0 0 0 0 0 0 0 0 0 0 0 0 0 0 0 0 0 0 0 0 0 0 0 44.40000152587890625 64.51000213623046875 74.90000152587890625 87.3300018310546875 100.160003662109375 107.279998779296875 115.9499969482421875 128.2599945068359375 138.5099945068359375 139.6399993896484375 136.7599945068359375 139.4600067138671875 146.6199951171875 159.0099945068359375 174.9600067138671875 191.5099945068359375
0 0 0 0 0 0 0 0 0 0 0 0 0 0 0 0 0 0 0 0 0 0 0 0 0 0 0 0 0 0 0 0 0 0 0 0 0 0 0 0 0 0 0 0 60.299999237060546875 64.3300018310546875 67.9499969482421875 73.29000091552734375 76.62999725341796875 78.0500030517578125 79.95999908447265625 68.5800018310546875 91.279998779296875 105.43000030517578125 114.5800018310546875 125.029998779296875 129.8800048828125 136.2700042724609375 143.80999755859375 151.3899993896484375 149.7299957275390625 150.44000244140625 148.839996337890625 157.0399932861328125 169.4199981689453125 184.9199981689453125 200.4900054931640625
0 0 0 0 0 0 0 0 0 0 0 0 0 0 0 0 0 0 0 0 0 0 0 0 0 0 0 0 0 0 0 91.1399993896484375 106.73000335693359375 113.37999725341796875 116.76000213623046875 115.4499969482421875 116.98000335693359375 116.12999725341796875 114.1699981689453125 116.55999755859375 114.9199981689453125 109.55999755859375 121.70999908447265625 126.9199981689453125 126.470001220703125 130.07000732421875 132.2400054931640625 133.779998779296875 133.3300018310546875 131.0099945068359375 120.4499969482421875 100.73999786376953125 118.26000213623046875 129.0500030517578125 124.26000213623046875 121.160003662109375 116.6100006103515625 114.76999664306640625 113.95999908447265625 115.62000274658203125 115.410003662109375 111.20999908447265625 103.3000030517578125 102.80999755859375 107.410003662109375 110.8000030517578125 116.1699981689453125
0 0 0 0 0 0 0 0 0 0 0 0 0 0 0 0 0 0 0 0 0 0 0 0 114.0800018310546875 168.839996337890625 200.6999969482421875 219.850006103515625 229.6399993896484375 216.4799957275390625 197.7899932861328125 170.5399932861328125 157.529998779296875 137.839996337890625 121.279998779296875 108.87000274658203125 101.470001220703125 98.220001220703125 97.3899993896484375 96.1399993896484375 93.660003662109375 85.20999908447265625 90.75 95.79000091552734375 94.30999755859375 94.87000274658203125 91.0800018310546875 91.98000335693359375 91.660003662109375 87.839996337890625 78.75 66.6100006103515625 64.31999969482421875 74.1100006103515625 67 62.189998626708984375 0 0 0 0 0 0 0 0 0 0 0
